[[[ 447.72536225  167.1466422   426.18423246   95.46203434]
  [1063.92198962  622.39055263 1053.1880174   603.85842712]
  [3760.6770667  3307.59368726 3756.95581555 3303.36207522]
  [3695.80762486 3243.04085697 3691.39120116 3238.00694873]
  [1013.85847139  590.52942348  995.90863035  559.15114236]
  [2667.19365626 2216.92264186 2659.49186876 2207.65056112]
  [2712.67395756 2263.2268998  2704.02015525 2252.84730952]
  [1801.49743269 1423.99613764 1765.77688285 1378.52820065]]

 [[ 427.81421201   66.37017402  426.9379346    60.46486583]
  [1057.2629758   601.75160989 1054.27320937  596.48302574]
  [3762.85064811 3305.1071087  3761.01608611 3303.01831663]
  [3697.00378685 3239.42849898 3694.23875785 3236.27254724]
  [ 996.94934676  551.50702625  984.14887085  528.01609824]
  [2663.89958519 2207.53912763 2657.80736699 2200.1836287 ]
  [2708.01495565 2252.25598012 2700.47736521 2243.1874643 ]
  [1758.0062571  1362.9563456  1713.15527609 1304.59380652]]

 [[ 601.70757017 1742.64626359  594.04124436 1740.0140804 ]
  [ 127.20062893 1116.68437797   40.70626487 1110.1626007 ]
  [2747.48939943 1604.69872562 2743.53148333 1597.91270099]
  [2682.59575784 1541.5070548  2677.34962229 1532.35929207]
  [ 214.0490598  1200.68522103  113.84199577 1186.92375492]
  [1656.07366986  549.18120871 1644.05748075  511.80562717]
  [1702.68317664  603.47162319 1688.62103505  562.57355075]
  [ 991.28653779 1009.61428278  907.93061409  927.90624526]]

 [[2190.46136693 2735.1701958  2189.0111923  2734.00896121]
  [1562.59943684 2106.66845991 1559.11577505 2104.08578722]
  [1156.6265603   619.26569419 1149.2693331   605.41308212]
  [1094.59809976  562.9209536  1084.33666359  542.69789017]
  [1642.61559715 2184.71989051 1634.57180937 2178.67849854]
  [ 232.01939574  551.35106783  147.41099009  521.42592954]
  [ 279.90176848  532.73820963  198.63534429  494.89493835]
  [1312.95849135 1775.47317637 1261.55974888 1737.8083899 ]]

 [[3033.78476494 3815.62393325 3033.05341199 3815.04246372]
  [2404.87712784 3186.41648251 2403.01331665 3185.01004708]
  [ 330.62970223  495.36249353  307.02605753  479.93020326]
  [ 286.51352499  568.28338001  248.28411145  550.00090909]
  [2481.83017147 3262.1932806  2476.90007873 3258.44410724]
  [ 829.87348433 1597.80411816  811.4807453  1588.32899615]
  [ 801.95760486 1563.10588253  778.56342067 1551.23338025]
  [2042.24704676 2779.522441   2010.06467558 2755.96298959]]

 [[2198.00568698 2521.00495834 2199.56654821 2522.36595283]
  [1568.14061869 1891.11660138 1569.03569112 1891.85887423]
  [1140.37581525  817.91931142 1139.21244726  816.29651475]
  [1075.5245232   754.03580817 1072.03777919  749.05407014]
  [1643.68488464 1966.07960164 1640.31216541 1963.26080794]
  [ 146.98639393  322.44379355   73.35529974  296.2195132 ]
  [ 196.84765683  307.61664454  128.22246293  268.92378102]
  [1270.10629476 1547.2107161  1227.63593952 1512.54123911]]

 [[ 545.77009812 1407.67077117  584.5083404  1423.13808185]
  [ 168.37161281  779.91089235  258.2130903   804.10571444]
  [2815.60313255 1940.32703429 2821.09836766 1948.29258583]
  [2747.74543945 1872.09428181 2752.19367051 1878.61704453]
  [  53.90732789  841.99881235  150.13660446  853.57893601]
  [1709.0187243   833.03841448 1712.73173615  840.62952601]
  [1750.27454989  874.54959836 1751.56387266  877.12712876]
  [ 846.76324908  619.78060634  780.22624924  525.23613737]]

 [[2858.60455467 3838.93904614 2863.41963393 3842.52586198]
  [2228.06911922 3208.43653514 2233.26577012 3212.04747786]
  [ 484.85255491  503.70725625  502.38033401  520.60061468]
  [ 415.08553335  567.79309612  429.40889604  578.34678178]
  [2298.01066142 3279.00747178 2299.80107835 3280.2624895 ]
  [ 624.54143177 1605.21057809  626.68971589 1606.04763317]
  [ 586.61230809 1565.35012058  583.30952332 1564.11540495]
  [1808.15624325 2752.63510113 1781.95089719 2735.49264302]]

 [[1565.82534147 2560.82193836 1580.58375292 2569.87256493]
  [ 939.25768562 1930.85602778  961.12070002 1941.58517712]
  [1789.40688498  796.2267265  1799.15118876  817.89057948]
  [1720.39326899  725.08827049 1728.84151963  744.91140413]
  [ 998.62405339 1996.8099559  1010.97279884 2003.01422861]
  [ 680.98825247  325.18456298  694.51925819  352.64287884]
  [ 720.11735155  280.30162326  727.90727431  299.74822768]
  [ 660.43924777 1496.72308728  588.64590375 1466.45968236]]

 [[1339.69026271 1699.88734921 1398.2481897  1746.40917313]
  [ 877.57506801 1156.30662024  961.96153769 1221.58790105]
  [2349.2262556  1953.79246595 2380.59572376 1991.40076328]
  [2276.01801399 1880.11834734 2307.06610222 1917.58728615]
  [ 847.48864299 1159.94827471  925.21619095 1217.89490515]
  [1293.77973396  947.78531324 1343.5721045  1014.70044841]
  [1312.13566372  954.86805371 1358.44617118 1017.570145  ]
  [  70.29224708  367.76351097  152.85614152  392.01275489]]

 [[1407.59830918 1669.92454919 1472.98947722 1725.40227194]
  [ 975.10255871 1163.47754598 1064.86524969 1239.67455407]
  [2385.71603507 2087.24746976 2422.33028301 2129.00093941]
  [2312.14813539 2013.45573579 2348.5761644  2055.18490652]
  [ 937.44866526 1152.34066144 1021.73626734 1221.89361239]
  [1351.65861074 1096.06204204 1409.05997033 1166.11363083]
  [1366.01647135 1101.83937123 1420.06760402 1168.17849663]
  [ 166.97305172  310.24667605  264.56946158  371.98118232]]]